-,-,-
312.988281, 73.242188, 900.878906
345.703125, 12.695312, 950.195312
334.960938, 61.035156, 937.988281
288.574219, 143.554688, 998.535156
329.589844, 65.429688, 977.539062
338.867188, 49.804688, 922.851562
288.085938, 84.960938, 926.269531
334.960938, 19.042969, 993.164062
281.738281, 59.570312, 1011.230469
319.824219, 71.289062, 947.753906
347.656250, 65.429688, 929.199219
270.507812, 103.515625, 946.777344
279.785156, 108.398438, 969.726562
255.859375, 87.890625, 1004.882812
279.785156, 63.476562, 1027.343750
247.070312, 93.750000, 1031.738281
276.367188, 38.574219, 990.722656
353.515625, 1.464844, 978.515625
366.210938, 33.203125, 989.746094
442.382812, -4.638672, 947.753906
528.808594, -2.685547, 1005.859375
596.191406, -23.193359, 1044.921875
472.167969, 89.843750, 1120.117188
662.597656, 93.750000, 1108.886719
396.972656, 185.546875, 1005.859375
615.234375, 2.929688, 1033.691406
502.929688, 113.281250, 1055.664062
333.007812, 173.828125, 703.613281
-17.822266, 254.394531, 1014.160156
170.898438, -7.568359, 889.160156
-136.962891, 305.175781, 982.910156
-148.681641, 43.945312, 749.023438
-462.646484, 92.773438, 1007.812500
-511.962891, 160.644531, 714.355469
-573.486328, 6.835938, 412.109375
-593.994141, 144.531250, 92.773438
-501.708984, 27.343750, 182.617188
-528.564453, 166.992188, -503.173828
-496.826172, 158.691406, -722.412109
-233.642578, 3.906250, -514.404297
19.531250, 2.929688, -870.849609
185.058594, -27.099609, -786.865234
929.199219, -275.146484, -664.794922
353.515625, -352.294922, -1612.548828
61.523438, -486.083984, -825.439453
-126.708984, -469.482422, -486.083984
-13.916016, -619.384766, -732.666016
-60.791016, -675.048828, -834.716797
-115.966797, -710.693359, -1643.798828
76.660156, -681.396484, -1521.728516
108.398438, -656.982422, -1335.693359
62.011719, -661.865234, -1065.185547
103.027344, -712.646484, -803.955078
-9.521484, -603.271484, -591.064453
87.890625, -651.123047, -806.396484
82.519531, -558.837891, -720.458984
106.445312, -590.576172, -802.978516
42.480469, -549.560547, -777.587891
-,-,-
-325.927734, 223.632812, -675.048828
-118.896484, -359.130859, -943.115234
-405.029297, -183.837891, -1191.162109
-331.787109, -437.744141, -833.740234
-563.720703, -398.681641, -764.892578
-675.048828, -436.767578, -781.494141
-673.095703, -433.837891, -867.431641
-652.099609, -429.443359, -1314.208984
-593.994141, -415.283203, -1113.037109
-484.619141, -429.443359, -1440.673828
-505.126953, -430.419922, -1097.900391
-322.998047, -496.337891, -1074.462891
-303.955078, -492.919922, -769.775391
-222.412109, -562.255859, -833.740234
-384.033203, -459.716797, -519.775391
-388.916016, -506.591797, -411.865234
-552.001953, -485.107422, -761.962891
-776.123047, -317.626953, -635.498047
-,-,-
107.910156, -270.263672, 1226.562500
-107.666016, -31.005859, 1082.031250
-56.396484, -114.990234, 894.531250
47.363281, -199.462891, 904.296875
4.882812, -347.412109, 822.753906
415.039062, -323.974609, 909.179688
359.375000, -501.708984, 641.113281
588.378906, -651.123047, 901.855469
569.335938, -681.396484, 711.914062
750.000000, -729.248047, 698.730469
1042.968750, -880.615234, 584.960938
633.789062, -640.380859, 642.089844
1070.312500, -788.818359, 802.246094
620.605469, -463.623047, 870.117188
606.933594, -268.310547, 902.343750
680.664062, -178.466797, 1015.625000
544.433594, -108.154297, 638.183594
644.042969, -81.298828, 736.328125
484.863281, 16.601562, 701.171875
82.031250, 363.281250, 943.359375
172.363281, 335.937500, 916.015625
177.246094, 457.519531, 750.000000
257.812500, 477.050781, 782.226562
77.148438, 418.945312, 270.019531
-489.501953, 490.234375, 720.703125
-636.962891, 469.726562, 230.468750
-475.830078, 247.070312, 216.796875
-439.208984, 196.777344, -326.416016
-465.087891, 237.304688, -481.689453
68.847656, 178.222656, -504.638672
13.183594, -23.193359, -626.220703
25.390625, -313.720703, -299.072266
-81.298828, -137.451172, -1056.396484
-108.642578, -356.689453, -645.751953
-328.369141, -576.904297, -1186.767578
-627.197266, -413.818359, -1499.755859
-,-,-
100.585938, 91.796875, 956.054688
114.257812, 28.320312, 1040.039062
14.160156, 40.527344, 1078.125000
115.234375, 45.898438, 1019.042969
134.765625, 67.382812, 969.726562
-,-,-
164.550781, -47.607422, 1020.507812
33.691406, 48.828125, 993.164062
62.011719, -15.380859, 948.730469
-46.142578, 163.085938, 901.367188
-83.740234, 10.742188, 1022.949219
-16.357422, -117.431641, 905.273438
275.878906, -487.060547, 926.269531
484.375000, -556.396484, 609.375000
883.789062, -658.935547, 372.070312
942.382812, -757.080078, 572.265625
612.304688, -616.455078, 903.808594
883.300781, -639.892578, 825.683594
692.871094, -438.232422, 470.214844
702.148438, -345.458984, 387.695312
802.734375, -370.849609, 434.082031
791.503906, -494.384766, 558.593750
957.031250, -652.587891, 444.824219
784.179688, -430.419922, 647.460938
991.699219, -540.771484, 416.503906
909.667969, -514.404297, 275.390625
941.406250, -559.326172, 314.453125
720.214844, -504.150391, 153.320312
1116.699219, -646.240234, 752.441406
578.125000, -324.462891, 770.507812
475.585938, -304.443359, 867.675781
641.601562, -243.896484, 1051.269531
295.410156, -70.068359, 929.687500
460.937500, -130.615234, 943.359375
171.386719, 72.265625, 928.222656
390.136719, -78.369141, 775.878906
-26.123047, 143.554688, 719.726562
-98.388672, 234.863281, 680.664062
-161.865234, 183.105469, 698.242188
-447.021484, 247.070312, 556.640625
-556.396484, 288.085938, 454.101562
-571.533203, 282.226562, 215.820312
-718.017578, 335.449219, 254.882812
-721.435547, 332.031250, -135.009766
-798.583984, 433.593750, -123.291016
-559.326172, 248.046875, -463.623047
-664.794922, 403.320312, -556.884766
-613.037109, 272.460938, -449.462891
-386.474609, 128.906250, -689.697266
-380.615234, 7.812500, -515.380859
-265.380859, -9.521484, -928.466797
-194.091797, 81.054688, -718.017578
-146.240234, -161.865234, -972.900391
-153.564453, -421.630859, -639.892578
-191.650391, -442.138672, -634.521484
-161.865234, -382.568359, -1462.646484
156.250000, -534.423828, -1008.544922
89.843750, -551.513672, -1097.900391
113.769531, -543.701172, -1452.392578
204.101562, -483.154297, -1218.505859
108.398438, -543.701172, -1415.771484
20.507812, -633.544922, -906.005859
13.671875, -550.537109, -838.134766
-60.791016, -571.044922, -826.416016
-8.056641, -562.255859, -573.974609
-,-,-
1006.835938, -296.142578, 118.164062
993.652344, -259.521484, 192.382812
995.117188, -274.169922, 211.914062
1049.804688, -344.482422, 219.238281
908.691406, -301.513672, 177.734375
1055.664062, -439.697266, 3.906250
932.617188, -481.201172, 22.460938
945.312500, -468.505859, -225.341797
936.035156, -536.376953, -101.318359
934.570312, -519.287109, -181.396484
966.308594, -438.232422, -144.287109
950.683594, -463.623047, -239.990234
1021.484375, -456.787109, -257.568359
1043.945312, -515.380859, -142.333984
1068.359375, -454.833984, -220.947266
937.011719, -309.326172, 159.667969
1187.500000, -423.583984, -145.263672
965.332031, -329.833984, 47.851562
1129.882812, -372.802734, 281.738281
902.832031, -111.083984, 294.433594
1100.097656, -295.654297, 327.148438
993.164062, -254.638672, 268.554688
1001.464844, -260.498047, 418.457031
714.843750, -31.982422, 443.847656
486.816406, 167.968750, 689.941406
333.496094, 312.500000, 710.449219
459.472656, 155.273438, 770.507812
186.035156, 236.328125, 842.773438
411.132812, 40.527344, 1024.902344
-35.888672, 299.804688, 1027.832031
-47.119141, 315.917969, 1087.402344
-157.958984, 423.828125, 888.671875
-4.150391, 217.285156, 716.796875
-312.744141, 379.882812, 903.320312
-290.283203, 272.949219, 669.921875
-489.013672, 342.773438, 630.371094
-525.634766, 353.515625, 493.652344
-494.384766, 297.363281, 184.082031
-720.458984, 362.304688, 380.371094
-596.435547, 126.953125, 132.324219
-858.642578, 245.117188, -257.568359
-966.552734, 286.132812, -243.896484
-738.525391, 158.691406, -550.537109
-660.888672, 41.015625, -318.115234
-607.177734, -84.228516, -997.314453
-498.291016, 14.648438, -807.861328
-216.552734, -119.384766, -782.958984
-248.779297, -56.396484, -913.330078
-98.388672, -298.095703, -523.193359
-213.623047, -355.712891, -802.978516
-210.205078, -423.583984, -1151.123047
-10.986328, -543.701172, -1002.685547
-2.685547, -601.806641, -1198.486328
-100.341797, -545.654297, -1007.568359
