-,-,-
-531.005859, 296.386719, 850.097656
-479.248047, 315.429688, 819.335938
-450.439453, 325.195312, 802.246094
-459.716797, 328.125000, 858.398438
-429.931641, 291.992188, 869.140625
-479.736328, 324.218750, 844.726562
-467.529297, 337.402344, 788.574219
-409.912109, 326.171875, 775.390625
-517.822266, 322.265625, 747.070312
-566.650391, 207.031250, 623.046875
-655.517578, -10.498047, 368.652344
-697.509766, -31.005859, -10.986328
-856.201172, 24.902344, -125.244141
-808.349609, -59.814453, -188.720703
-574.951172, -74.951172, 23.925781
-416.748047, -135.498047, 871.093750
-165.283203, -208.740234, 1999.755859
118.164062, -86.181641, 1999.755859
183.105469, 45.898438, 1999.755859
223.632812, 141.601562, 1870.605469
151.855469, 247.070312, 1449.218750
247.558594, 220.703125, 1350.585938
436.523438, 230.468750, 1207.519531
1182.128906, 93.750000, 989.257812
979.003906, -139.892578, 721.679688
-690.673828, -152.099609, 584.960938
-1998.779297, -83.740234, 479.003906
-1565.673828, -80.322266, 404.785156
-1024.658203, -118.408203, 686.523438
-780.029297, -137.939453, 865.722656
-,-,-
-574.951172, 162.109375, 470.214844
-600.830078, 107.421875, 400.390625
-734.130859, 43.945312, 293.457031
-799.072266, -27.099609, 292.480469
-678.466797, 12.695312, 314.453125
-677.490234, -0.732422, 416.503906
-637.939453, 75.195312, 728.027344
-501.220703, 41.503906, 1078.125000
-264.892578, 176.269531, 1382.324219
-212.158203, 220.703125, 1402.343750
-76.416016, 236.816406, 1440.429688
-59.326172, 278.808594, 1257.324219
-144.287109, 280.273438, 1209.472656
-20.751953, 301.757812, 1052.734375
52.734375, 291.992188, 1223.632812
150.878906, 310.546875, 1335.937500
438.964844, 239.746094, 1557.617188
359.375000, 65.429688, 1452.636719
-252.197266, 51.757812, 1129.882812
-893.798828, -1.220703, 683.593750
-1093.505859, -84.716797, 429.199219
-1340.087891, -31.982422, 280.761719
-1251.220703, -65.185547, 336.425781
-938.232422, -8.544922, 629.394531
-702.392578, -48.583984, 758.789062
-,-,-
-439.697266, 38.574219, 471.679688
-608.154297, 73.242188, 509.765625
-760.986328, -11.474609, 536.132812
-759.033203, -48.583984, 347.167969
-799.072266, 72.265625, 339.843750
-773.193359, 118.652344, 467.285156
-536.865234, 100.097656, 832.031250
-479.248047, 210.937500, 1088.378906
-147.705078, 237.304688, 1210.449219
-61.767578, 316.894531, 1513.183594
-280.517578, 352.539062, 1632.324219
-251.220703, 361.328125, 1523.437500
-352.294922, 333.007812, 1308.105469
-300.048828, 314.453125, 1137.207031
-91.064453, 162.109375, 1161.132812
270.996094, 100.097656, 1098.144531
284.179688, 100.097656, 1197.753906
-249.755859, 83.984375, 1116.210938
-704.833984, 5.859375, 841.796875
-1127.197266, -44.677734, 613.769531
-,-,-
-422.119141, 30.273438, 213.867188
-593.994141, 44.433594, 354.003906
-691.162109, -34.912109, 213.867188
-718.505859, -152.099609, 275.390625
-416.259766, -73.974609, 402.832031
-551.513672, -77.880859, 719.238281
-686.767578, 225.585938, 1162.597656
-567.626953, 286.132812, 1293.457031
-288.330078, 325.195312, 1296.386719
-140.869141, 356.445312, 1250.976562
24.414062, 374.511719, 1385.253906
29.296875, 397.949219, 1337.890625
-130.615234, 388.671875, 1400.390625
-119.873047, 338.378906, 1295.410156
72.265625, 405.273438, 1505.371094
371.582031, 328.125000, 1681.152344
387.207031, 145.507812, 1229.492188
-202.880859, -16.845703, 866.210938
-972.900391, -94.482422, 241.210938
-1355.224609, -63.232422, 60.546875
-1440.185547, -160.888672, 315.917969
-1219.482422, -153.076172, 550.781250
-805.419922, -112.060547, 768.554688
-692.138672, -19.775391, 682.617188
-690.185547, 36.132812, 734.375000
-661.865234, 111.328125, 758.789062
-575.927734, 128.906250, 821.289062
-,-,-
-637.451172, 7.812500, -29.052734
-615.478516, -106.201172, 62.988281
-614.501953, -129.638672, 76.171875
-793.212891, -158.447266, 181.640625
-752.685547, -139.892578, 516.113281
-778.564453, -46.630859, 699.707031
-866.455078, 109.375000, 1011.230469
-598.388672, 115.722656, 1200.683594
-75.927734, 328.125000, 1082.519531
-137.939453, 325.195312, 1234.863281
-210.693359, 403.320312, 1286.132812
-317.626953, 410.156250, 1226.562500
-328.857422, 392.578125, 1262.695312
-195.068359, 387.695312, 1294.433594
77.636719, 344.726562, 1617.187500
293.457031, 249.023438, 1558.105469
-186.279297, 174.804688, 1295.898438
-821.533203, 17.089844, 753.417969
-1163.818359, -70.068359, 119.628906
-1317.138672, -159.912109, 109.375000
-1277.587891, -109.130859, 247.558594
-843.505859, -149.169922, 545.898438
-833.251953, -27.099609, 670.898438
-699.951172, -8.544922, 706.054688
-628.662109, 40.527344, 746.093750
-680.908203, 144.531250, 766.601562
-700.927734, 270.507812, 814.941406
-,-,-
-698.974609, -173.583984, -114.990234
-851.318359, -19.775391, 401.367188
-686.279297, 81.542969, 1058.593750
-325.927734, 239.257812, 1773.925781
62.011719, 244.140625, 1721.679688
-189.697266, 480.468750, 1556.152344
-235.107422, 398.925781, 1280.761719
-143.798828, 361.328125, 993.164062
-194.091797, 395.507812, 937.988281
-135.986328, 327.148438, 970.703125
-156.494141, 330.078125, 947.753906
-89.599609, 306.640625, 1094.238281
34.179688, 267.578125, 1424.804688
323.730469, 300.781250, 1629.394531
639.648438, 102.050781, 1528.320312
56.152344, -12.939453, 1047.363281
-259.521484, 125.976562, 1928.710938
-1134.033203, 179.199219, -626.220703
-1105.712891, 218.261719, 474.609375
-623.779297, 4.882812, 424.804688
-795.166016, 20.996094, 497.070312
-859.619141, 48.828125, 462.890625
-911.865234, 84.960938, 475.585938
-915.283203, 111.328125, 544.921875
-787.353516, 101.562500, 717.773438
-663.330078, 151.367188, 868.164062
-,-,-
-364.013672, 303.710938, 449.218750
-466.064453, 308.593750, 435.546875
-517.333984, 175.781250, 449.218750
-641.357422, 60.058594, 453.125000
-788.818359, -83.740234, 302.734375
-505.615234, 46.875000, 182.617188
-563.720703, 127.929688, 538.085938
-397.216797, 217.773438, 1053.710938
-447.509766, 234.863281, 1536.132812
-152.587891, 224.609375, 1643.066406
48.339844, 202.148438, 1541.503906
-17.822266, 326.171875, 1206.054688
-187.255859, 367.187500, 1113.281250
-128.662109, 296.875000, 1085.449219
-197.998047, 284.179688, 944.335938
-182.373047, 249.023438, 969.726562
-151.123047, 250.000000, 1015.136719
-33.447266, 267.578125, 1129.882812
254.882812, 197.753906, 1439.453125
289.550781, 202.148438, 1335.937500
-177.978516, 186.523438, 1302.246094
-381.103516, 81.054688, 916.503906
-794.677734, 151.367188, 452.636719
-844.482422, 153.320312, 355.957031
-963.134766, 59.082031, 354.980469
-965.576172, 0.488281, 647.460938
-920.166016, 10.742188, 779.296875
-949.462891, 82.031250, 765.136719
-834.228516, 98.144531, 909.667969
-,-,-
-456.787109, 344.726562, 560.546875
-371.826172, 325.195312, 661.132812
-476.806641, 420.898438, 598.632812
-562.255859, 423.828125, 691.406250
-710.205078, 371.582031, 656.738281
-802.490234, 152.832031, 418.457031
-833.251953, 22.460938, 130.371094
-968.994141, 46.875000, -78.857422
-918.701172, 111.328125, 53.222656
-465.576172, -10.498047, 771.972656
-125.732422, 242.675781, 1498.046875
0.000000, 308.593750, 1836.425781
-243.408203, 401.855469, 1809.570312
-426.513672, 488.281250, 1323.730469
-315.673828, 389.648438, 1159.667969
-197.509766, 353.515625, 1015.625000
-128.173828, 336.425781, 987.792969
4.882812, 233.398438, 1022.949219
-59.814453, 274.902344, 1212.402344
128.906250, 303.710938, 1287.597656
210.937500, 305.664062, 1240.722656
49.316406, 97.167969, 1080.078125
-733.154297, -37.841797, 668.945312
-1400.634766, -97.412109, 297.851562
-1824.462891, -6.591797, 738.769531
-883.056641, -20.751953, 311.523438
-642.333984, 67.382812, 609.375000
-401.611328, -5.615234, 867.187500
-697.021484, 104.492188, 823.730469
-630.615234, 162.109375, 846.679688
-,-,-
-819.580078, 161.132812, 394.042969
-638.427734, 78.613281, 863.769531
-357.177734, 250.976562, 1188.476562
-181.396484, 348.632812, 1492.675781
-49.560547, 386.718750, 1088.867188
-128.662109, 441.406250, 1021.972656
-146.240234, 396.972656, 907.226562
-46.142578, 387.695312, 938.964844
59.570312, 342.773438, 1026.367188
32.226562, 273.925781, 1071.289062
-207.763672, 335.937500, 933.593750
-303.466797, 328.125000, 915.039062
-319.091797, 242.187500, 819.335938
-336.181641, 217.285156, 880.371094
-377.197266, 174.804688, 771.484375
-423.583984, 119.628906, 798.339844
-371.826172, 85.937500, 1005.859375
-408.935547, 69.335938, 1140.625000
-403.076172, 111.328125, 1421.386719
-330.810547, 126.953125, 1451.171875
-114.501953, 85.937500, 1748.046875
-,-,-
-606.689453, 20.019531, 274.414062
-876.708984, 162.109375, 330.566406
-951.904297, 112.304688, 402.343750
-824.951172, 96.679688, 638.671875
-622.802734, 72.265625, 689.941406
-406.982422, 69.335938, 790.527344
-336.669922, 125.976562, 775.878906
-341.064453, 188.476562, 915.527344
-152.099609, 166.992188, 1060.058594
-7.080078, 196.289062, 1256.347656
17.578125, 221.191406, 1321.777344
-46.142578, 274.902344, 1442.871094
-93.994141, 415.527344, 1437.500000
7.324219, 427.734375, 1650.878906
50.781250, 436.523438, 1699.218750
116.699219, 395.996094, 1644.042969
102.539062, 335.937500, 1383.300781
-41.259766, 350.585938, 1041.015625
39.062500, 308.593750, 446.777344
108.886719, 235.839844, 185.058594
-7.568359, 61.523438, 243.164062
-415.283203, 38.085938, 595.214844
-427.490234, -118.408203, 1118.164062
-775.146484, -109.130859, 1459.960938
-459.228516, -50.537109, 790.527344
-1761.474609, 134.277344, 298.339844
-284.912109, 67.382812, 752.929688
-537.353516, 261.718750, 474.609375
-531.005859, 140.136719, 897.949219
